 30.090   30.480
 31.250   30.950
 31.650   30.960
 32.400   30.770
 32.480   30.450
 34.120   30.660
 33.780   30.270
 33.290   30.070
 34.050   30.350
 34.310   30.960
 34.030   30.860
 34.600   31.100
 33.270   30.590
 32.530   30.010
 31.150   28.960
 31.070   29.320
 30.880   29.500
 30.410   29.670
 29.650   29.160
 29.210   28.180
 30.650   28.410
 30.760   28.460
 30.360   28.630
 28.860   27.840
 28.290   28.020
 28.100   27.720
 29.080   28.010
 29.230   27.990
 30.160   28.120
 30.020   27.930
 31.050   28.350
 31.080   28.590
 31.540   28.970
 31.790   28.770
 31.020   28.730
 30.200   28.330
 30.010   28.630
 30.000   28.600
 30.150   28.670
 30.750   29.020
 31.210   28.460
 31.700   28.460
 31.450   28.630
 31.880   28.590
 31.410   28.630
 30.910   28.800
 30.640   28.970
 30.740   29.180
 31.500   29.270
 31.030   29.290
 31.710   29.370
 32.520   29.630
 31.580   29.610
 30.500   29.590
 30.640   29.600
 30.710   29.880
 30.210   29.650
 29.570   30.010
 29.360   29.660
 29.870   29.590
 30.000   29.770
 30.130   29.290
 30.740   29.160
 31.850   29.270
 32.200   29.320
 31.630   29.350
 31.660   29.920
 31.570   30.340
 31.500   30.320
 31.420   30.450
 32.430   30.820
 32.520   30.870
 31.640   30.670
 31.570   31.040
 33.310   31.360
 33.290   31.330
 33.730   31.390
 34.960   30.960
 34.470   31.110
 32.810   30.850
 33.350   30.910
 31.600   31.000
 30.650   30.540
 31.390   30.860
 30.310   30.130
 29.980   29.850
 28.750   28.980
 27.510   28.210
 27.590   28.940
 28.340   28.880
 29.090   29.440
 29.010   29.240
 28.090   28.930
 27.850   28.940
 27.640   28.600
 27.120   28.240
 26.220   27.110
 26.730   26.840
 25.650   26.270
 25.620   26.070
 25.880   25.010
 26.990   26.000
 24.830   25.800
 21.150   25.890
 23.680   26.460
 23.630   26.860
 23.110   25.790
 22.800   25.290
 23.020   25.110
 22.560   24.790
 24.220   25.000
 24.390   25.660
 24.020   25.500
 25.460   26.580
 26.250   26.320
 26.390   26.370
 26.980   26.440
 27.050   25.950
 25.990   25.770
 25.780   25.310
 25.210   25.000
 26.340   24.530
 25.990   24.310
 24.480   23.310
 24.550   23.010
 24.980   23.160
 25.740   23.270
 26.460   23.820
 27.990   24.300
 28.710   24.410
 28.640   24.270
 28.170   24.830
 28.130   25.130
 28.170   25.440
 28.100   25.510
 27.510   24.890
 29.170   25.230
 30.270   25.480
 29.880   25.120
 30.300   25.840
 30.590   25.810
 30.860   26.100
 30.450   26.160
 29.980   25.950
 30.110   26.030
 29.880   25.810
 30.730   26.330
 31.200   26.160
 31.060   25.730
 31.250   25.370
 30.920   25.550
 30.700   25.610
 30.120   25.070
 28.780   24.860
 28.430   24.490
 28.100   24.400
 27.810   24.500
 28.700   24.710
 28.790   24.820
 28.560   24.440
 27.820   24.230
 28.140   24.280
 28.070   24.040
 27.990   24.100
 28.120   23.820
 29.250   23.930
 28.490   23.640
 28.210   23.470
 29.730   23.900
 30.130   23.940
 30.430   24.290
 29.840   23.960
 30.210   23.930
 30.220   24.010
 30.880   23.850
 31.610   25.110
 31.380   25.030
 31.210   25.120
 31.000   25.330
 30.960   25.220
 31.800   25.430
 31.830   25.150
 31.520   24.610
 31.800   24.430
 32.730   24.780
 32.410   24.730
 32.770   24.680
 33.400   24.500
 33.070   24.490
 33.330   24.380
 33.030   23.910
 34.060   24.350
 33.970   24.430
 33.620   24.530
 34.730   24.570
 34.560   24.590
 34.840   24.830
 35.630   25.340
 35.080   25.230
 35.820   25.540
 34.090   25.820
 33.180   25.100
 33.790   25.310
 33.720   25.420
 34.180   25.380
 34.280   25.190
 34.790   25.900
 34.420   26.050
 31.680   26.280
 31.860   26.670
 31.420   26.950
 31.400   27.390
 31.690   27.030
 32.850   27.140
 31.920   26.850
 33.430   26.810
 33.220   26.950
 34.880   26.940
 36.310   26.680
 35.820   26.270
 35.840   26.200
 35.030   25.810
 35.500   25.570
 37.560   25.840
 38.010   25.690
 37.310   25.730
 36.460   25.120
 37.370   25.370
 36.560   25.250
 37.870   25.310
 37.840   25.260
 39.190   26.040
 40.610   26.890
 41.150   27.020
 40.820   26.840
 40.380   26.870
 40.230   27.230
 40.460   27.080
 40.220   27.340
 41.150   27.250
 41.080   27.620
 39.790   27.850
 40.270   27.990
 39.890   27.900
 40.150   27.810
 40.290   28.070
 40.410   28.190
 40.320   28.300
 39.860   28.070
 39.630   28.010
 40.690   27.970
 41.010   27.850
 40.830   27.910
 40.750   27.980
 39.550   28.090
 39.420   28.000
 38.220   28.820
 38.450   28.600
 38.170   28.220
 39.380   28.110
 39.890   28.550
 39.230   28.190
 39.990   28.300
 40.040   28.660
 39.240   28.470
 39.060   28.350
 39.190   28.020
 39.550   28.380
 40.200   28.450
 43.400   28.780
 43.170   28.870
 43.880   27.750
 45.000   27.730
 45.510   27.990
 46.610   27.940
 46.780   27.650
 45.920   27.770
 46.180   28.200
 44.970   28.280
 43.950   27.970
 44.790   27.500
 44.640   27.250
 45.640   27.230
 45.540   26.960
 47.490   27.020
 48.430   27.210
 48.110   27.060
 46.600   26.590
 47.340   26.590
 45.550   26.770
 47.030   26.550
 46.940   26.580
 46.330   26.160
 46.340   26.080
 47.440   26.200
 46.840   25.950
 46.440   25.720
 45.720   25.910
 45.270   25.890
 43.750   25.410
 44.460   25.680
 45.060   25.690
 44.010   25.390
 42.940   24.790
 44.360   24.780
 44.190   24.800
 45.730   25.330
 45.700   25.300
 46.390   25.540
 45.970   25.810
 46.040   25.620
 47.900   25.410
 49.000   25.490
 49.500   25.610
 49.840   25.390
 49.340   25.480
 49.500   25.550
 49.730   25.780
 48.410   26.150
 48.230   26.200
 48.130   26.070
 46.930   25.980
 45.340   25.640
 45.510   25.630
 46.140   25.420
 46.820   25.370
 47.140   25.080
 49.010   25.150
 49.680   25.760
 50.480   25.520
 50.630   25.610
 50.960   26.190
 50.500   26.380
 50.260   26.710
 50.480   25.920
 48.920   25.660
 47.890   25.810
 47.350   26.060
 46.850   25.790
 46.670   25.870
 48.060   25.830
 48.390   25.670
 46.430   25.360
 46.640   25.320
 46.000   25.030
 45.430   24.570
 45.330   24.520
 46.960   24.690
 46.900   24.720
 47.180   24.490
 46.160   24.170
 47.500   24.150
 49.870   24.190
 50.660   24.670
 50.150   24.760
 50.150   25.010
 49.030   24.430
 50.150   24.220
 50.280   23.910
 48.040   24.010
 48.100   24.060
 47.690   23.940
 48.980   23.960
 48.000   23.710
 46.860   24.040
 47.890   24.220
 46.770   23.740
 46.390   24.000
 46.020   24.260
 46.430   24.470
 47.130   24.760
 47.110   24.650
 47.070   24.630
 45.870   24.300
 46.230   25.200
 48.690   25.800
 49.820   25.620
 51.000   26.000
 51.290   26.020
 52.150   26.030
 52.660   26.330
 54.300   26.770
 54.040   26.920
 52.490   26.630
 52.220   26.540
 52.620   26.630
 51.830   26.470
 53.080   26.780
 53.120   26.590
 55.380   27.540
 55.270   27.060
 56.930   27.100
 57.200   27.530
 57.270   27.910
 56.550   28.080
 55.010   27.330
 54.870   27.720
 54.730   27.400
 54.430   27.270
 52.660   26.800
 53.060   26.920
 48.030   25.940
 47.090   25.680
 42.430   24.480
 44.750   25.580
 43.300   24.200
 45.230   25.190
 45.480   25.100
 47.630   25.510
 45.920   25.350
 45.450   25.250
 40.850   24.670
 38.040   24.050
 37.290   23.980
 40.200   24.720
 40.610   24.900
 39.880   24.570
 41.460   25.250
 42.810   25.840
 43.430   26.230
 44.370   26.600
 43.020   26.210
 41.540   25.800
 40.870   25.510
 42.280   26.000
 41.610   26.220
 39.660   25.740
 39.560   25.890
 39.490   26.040
 39.360   26.500
 40.190   26.990
 39.880   27.120
 38.260   27.210
 37.980   26.980
 35.090   25.990
 32.720   25.060
 31.670   25.060
 33.740   25.440
 34.460   25.670
 32.470   25.580
 32.250   25.450
 30.520   24.890
 28.680   24.530
 30.510   25.340
 32.380   25.890
 34.450   26.340
 33.320   26.250
 34.840   26.940
 35.480   27.000
 35.070   26.960
 35.020   27.180
 37.430   27.270
 34.480   26.980
 35.290   27.310
 33.880   27.130
 34.470   27.040
 33.500   27.160
 35.320   27.190
 35.120   26.810
 35.870   26.590
 38.950   27.250
 39.130   26.980
 37.360   26.630
 35.250   25.990
 36.580   26.010
 37.850   26.530
 37.160   26.250
 38.020   26.800
 38.830   27.160
 36.430   26.200
 37.290   26.280
 38.590   26.910
 38.530   26.760
 38.910   26.740
 39.000   26.070
 37.040   25.540
 35.960   25.300
 34.860   25.000
 33.700   24.790
 32.200   24.470
 31.800   24.300
 32.770   24.870
 33.630   24.840
 36.800   25.580
 36.410   25.280
 36.580   25.220
 37.020   25.700
 35.570   25.660
 33.400   25.600
 33.130   25.400
 34.080   25.700
 32.560   25.510
 31.860   25.760
 31.000   25.590
 31.260   25.560
 31.760   26.000
 30.800   25.530
 33.210   26.030
 33.730   25.760
 33.540   25.810
 33.800   26.030
 34.140   26.040
 33.250   25.820
 33.790   26.020
 34.510   25.960
 34.150   26.770
 35.120   27.400
 34.560   27.680
 34.980   28.110
 35.380   27.740
 36.330   27.840
 35.380   27.720
 34.730   28.000
 33.940   28.250
 33.860   28.260
 34.990   28.230
 36.250   28.120
 36.200   29.710
 35.440   29.730
 36.360   29.340
 36.410   29.560
 36.160   29.500
 37.100   29.230
 36.670   29.610
 36.780   29.530
 36.640   29.890
 36.540   29.950
 36.830   30.240
 37.400   30.200
 37.000   30.350
 37.020   30.660
 36.770   30.770
 36.060   30.500
 36.140   30.580
 35.700   30.250
 35.230   30.050
 35.640   31.290
 36.290   31.250
 37.030   31.440
 38.240   31.270
 38.210   31.370
 38.510   31.480
 37.750   31.350
 37.680   31.870
 36.590   31.740
 36.500   32.290
 36.050   32.080
 35.070   31.800
 34.130   31.560
 34.210   31.840
 34.780   32.010
 34.880   31.990
 34.700   32.040
 35.340   32.670
 34.180   32.770
 33.910   32.850
 34.540   32.600
 35.000   32.200
 34.760   31.990
 34.130   31.910
 32.980   32.000
 33.420   32.010
 33.650   32.590
 32.830   32.520
 32.480   32.190
 32.770   32.120
 33.190   32.260
 33.450   32.290
 33.600   31.940
 33.000   31.210
 32.770   31.520
 32.380   31.100
 31.990   30.470
 32.130   30.350
 33.180   30.980
 32.410   30.810
 32.060   31.080
 32.660   31.440
 34.170   31.140
 33.980   31.010
 33.290   32.420
 32.950   32.120
 33.380   31.920
 33.540   32.200
 33.450   32.110
 33.240   31.980
 34.220   32.020
 35.030   32.010
 34.490   31.800
 34.060   31.760
 32.530   30.980
 32.420   30.650
 32.690   30.500
 32.420   30.760
 32.310   30.740
 31.830   31.160
 31.580   30.680
 30.580   30.210
 30.200   29.900
 30.000   29.720
 29.930   29.270
 31.170   29.750
 30.780   29.760
 31.320   29.110
 31.410   29.070
 31.370   29.060
 32.010   29.560
 30.360   29.340
 30.060   29.190
 29.970   28.450
 29.520   28.550
 29.120   28.510
 28.100   29.350
 28.130   29.230
 27.960   29.650
 27.500   28.900
 28.130   29.290
 28.220   29.130
 28.680   29.340
 29.450   30.020
 28.960   29.840
 29.390   30.700
 29.570   30.930
 28.350   30.140
 27.800   30.700
 26.980   29.870
 26.700   30.020
 27.210   30.170
 27.690   29.910
 28.390   30.590
 28.600   30.560
 29.940   30.760
 29.560   30.700
 29.300   30.190
 29.000   30.000
 28.360   29.740
 28.530   29.300
 28.410   28.630
 28.800   29.390
 29.000   29.440
 29.400   29.660
 30.170   30.450
 30.210   30.670
 30.770   30.120
 31.510   29.280
 31.550   29.150
 31.300   28.830
 32.560   29.160
 33.620   29.760
 33.550   29.640
 33.130   29.470
 33.410   29.410
 32.860   29.190
 33.760   29.750
 33.820   29.950
 34.390   30.260
 34.620   30.330
 35.050   30.500
 35.190   30.420
 35.040   30.390
 34.850   30.130
 34.580   30.200
 35.300   30.780
 35.120   30.900
 35.000   30.740
 35.160   30.800
 34.670   30.540
 34.150   30.260
 34.270   30.560
 34.450   30.690
 34.080   30.630
 33.510   30.650
 32.810   30.320
 32.760   30.820
 32.150   30.390
 32.410   30.390
 32.960   31.350
 34.240   30.950
 34.270   30.720
 35.350   30.790
 35.730   30.780
 36.440   30.940
 37.440   31.210
 37.220   31.210
 36.570   31.180
 36.410   31.050
 36.130   31.450
 35.840   31.190
 35.490   30.780
 34.770   30.390
 33.920   30.170
 34.220   30.160
 33.690   29.760
 33.670   29.490
 34.070   29.660
 33.010   29.860
 33.970   30.030
 33.420   29.850
 33.630   29.780
 33.870   29.280
 33.500   28.980
 33.970   28.950
 33.800   29.200
 33.840   29.510
 34.560   29.490
 35.320   29.590
 35.650   29.500
 34.980   28.640
 34.560   28.000
 33.470   28.050
 32.710   27.900
 32.920   27.880
 32.400   28.210
 32.290   28.540
 32.680   29.520
 32.110   29.500
 32.290   29.630
 32.760   29.860
 31.710   29.080
 30.480   28.810
 30.560   28.830
 30.650   28.220
 30.390   27.090
 29.950   26.840
 30.360   26.660
 30.460   26.520
 31.710   26.730
 31.710   26.710
 31.700   26.950
 32.080   27.700
 32.040   27.390
 32.040   27.080
 32.410   27.360
 32.920   26.950
 33.350   26.620
 33.080   26.430
 33.060   26.370
 33.500   26.670
 33.580   26.730
 33.780   26.460
 33.660   26.940
 33.990   27.320
 34.050   27.240
 33.510   27.110
 33.390   26.810
 33.540   27.100
 34.800   27.560
 34.610   27.310
 35.130   27.680
 34.710   27.450
 34.520   27.060
 34.710   26.860
 34.600   26.960
 34.010   26.550
 34.690   26.710
 35.710   27.620
 36.310   27.250
 36.650   26.740
 36.650   26.690
 36.190   26.550
 36.480   26.700
 36.900   26.460
 36.620   26.830
 35.910   26.890
 36.180   27.210
 36.260   27.040
 36.300   27.250
 37.500   27.250
 37.930   27.150
 37.790   27.610
 37.810   27.630
 39.720   27.880
 40.280   27.910
 40.880   28.010
 40.200   27.850
 40.680   27.450
 41.080   27.930
 40.860   27.440
 40.910   27.500
 40.310   27.340
 40.830   27.280
 41.260   27.550
 40.870   27.860
 40.710   27.880
 40.840   28.030
 43.320   28.040
 42.700   28.010
 42.810   28.050
 41.620   27.870
 40.770   27.490
 41.110   27.760
 39.850   27.370
 40.490   27.370
 41.270   27.810
 41.510   27.800
 40.630   27.950
 39.960   28.150
 41.000   28.350
 40.800   28.090
 41.410   28.140
 42.080   28.000
 42.000   27.870
 41.960   27.910
 41.840   27.920
 42.540   28.140
 41.900   28.040
 40.730   28.100
 39.620   28.180
 39.440   28.320
 39.470   28.110
 39.160   28.250
 39.650   28.160
 40.130   28.160
 40.660   28.370
 40.410   28.610
 39.930   28.610
 39.890   28.800
 38.750   28.560
 38.540   28.600
 38.600   28.700
 38.410   28.590
 39.110   29.610
 40.390   30.280
 41.170   28.940
 40.860   28.790
 38.660   28.690
 39.690   28.970
 37.690   28.830
 37.710   28.790
 37.210   29.770
 39.290   30.830
 39.690   30.600
 40.920   31.760
 40.750   31.940
 40.570   31.790
 41.570   32.610
 42.770   33.100
 42.080   32.720
 42.400   33.160
 42.550   33.490
 43.060   33.750
 43.420   33.310
 43.700   32.990
 43.560   32.660
 43.390   32.690
 43.560   33.030
 44.200   33.530
 44.130   33.850
 43.850   34.080
 45.250   34.870
 45.550   35.080
 44.830   34.850
 44.020   34.610
 43.520   34.150
 43.020   34.270
 43.370   35.020
 43.570   34.880
 42.630   35.030
 41.850   34.900
 42.390   35.590
 41.990   34.990
 41.760   34.780
 42.350   34.960
 43.160   35.670
 42.820   35.470
 42.040   34.840
 41.610   35.000
 43.080   34.720
 42.930   34.400
 43.620   35.000
 44.070   34.980
 43.050   34.590
 41.800   33.490
 41.790   33.270
 40.950   33.720
 41.150   33.670
 41.470   34.350
 41.840   34.620
 41.720   34.540
 42.450   34.360
 42.790   33.940
 42.650   34.010
 43.710   34.210
 43.920   34.330
 44.310   34.350
 44.130   34.700
 44.180   35.690
 44.640   35.670
 44.110   36.170
 43.630   36.270
 44.140   35.740
 44.740   35.440
 45.830   31.400
 45.080   32.010
 45.580   31.820
 44.820   31.960
 44.340   31.390
 45.980   31.620
 45.530   31.540
 45.230   31.850
 45.190   31.840
 46.410   31.670
 46.300   31.890
 46.050   31.700
 45.850   31.580
 45.530   32.060
 46.140   32.890
 46.030   32.700
 46.020   32.870
 46.580   32.230
 46.820   32.350
 46.680   31.790
 46.950   31.800
 46.650   31.390
 47.350   31.620
 46.980   31.610
 47.820   32.390
 48.710   34.750
 48.440   34.150
 48.130   33.260
 48.900   33.020
 48.540   33.550
 48.000   33.400
 48.300   31.880
 49.080   31.200
 49.770   31.230
 49.540   31.150
 50.260   31.660
 50.320   32.390
 50.190   32.740
 49.200   32.690
 49.690   33.030
 49.820   32.800
 49.670   32.930
 49.750   33.320
 49.540   33.640
 49.340   32.790
 48.390   32.740
 48.750   32.450
 48.880   32.510
 48.710   32.770
 48.390   33.270
 48.150   33.280
 48.600   33.580
 49.090   33.920
 48.400   33.860
 49.060   33.880
 49.020   33.300
 48.660   33.010
 48.560   33.070
 50.000   33.760
 50.670   34.130
 51.350   34.450
 51.160   34.490
 51.970   34.640
 51.720   34.920
 52.470   34.960
 50.660   34.990
 51.780   34.580
 50.740   33.760
 51.100   33.720
 51.690   35.730
 52.030   35.570
 53.250   35.520
 53.260   35.540
 53.030   35.410
 53.230   35.530
 54.040   35.940
 53.130   36.640
 54.400   38.180
 53.900   37.500
 55.320   37.780
 55.300   37.590
 54.460   37.360
 55.540   38.160
 56.260   38.020
 56.230   37.840
 54.330   37.200
 53.760   36.740
 53.580   37.080
 54.200   37.400
 54.500   37.570
 52.700   37.640
 53.180   37.350
 52.420   37.600
 52.680   38.130
 52.010   38.450
 52.020   38.310
 50.620   38.940
 50.480   38.000
 50.560   38.360
 49.910   38.710
 49.430   38.110
 48.990   37.610
 49.590   37.220
 49.390   36.690
 50.130   36.890
 49.350   36.520
 49.910   36.580
 49.420   36.250
 50.540   36.800
 50.300   36.620
 50.680   37.080
 51.210   37.440
 51.080   37.290
 50.400   37.290
 50.750   37.410
